0|744.2441|208.3195|11|0|0|0|0|Red Ball|False|0
1|726.6392|221.513|11|0|0|0|0|Yellow Ball|False|1
2|746.747|230.763|11|0|0|0|0|Yellow Ball|False|2
4|978.8369|239.6322|11|0|0|0|0|Yellow Ball|False|4
5|412.8654|248.1495|11|0|0|0|0|Red Ball|False|5
6|511.5622|262.8131|11|0|0|0|0|Black Ball|False|6
7|991.6072|321.4609|11|0|0|0|0|Yellow Ball|False|7
8|764.5502|217.8383|11|0|0|0|0|Yellow Ball|False|8
9|494.0046|366.3315|11|0|0|0|0|Yellow Ball|False|9
10|482.9489|421.9294|11|0|0|0|0|Red Ball|False|10
11|825.0977|380.45|11|0|0|0|0|Red Ball|False|11
12|722.463|291.9532|11|0|0|0|0|Red Ball|False|12
13|585.2176|193.9645|11|0|0|0|0|Red Ball|False|13
14|988.5989|269.6852|11|0|0|0|0|Red Ball|False|14
15|851.2259|131.3038|11|0.09021337|0|0|0|Grey Ball|False|15
