0|723.2211|281.7206|11|0|0|0|0|Red Ball|False|0
1|749.7131|266.7997|11|0|0|0|0|Yellow Ball|False|1
2|874.533|215.3932|11|0|0|0|0|Red Ball|False|2
3|862.2953|264.244|11|0|0|0|0|Yellow Ball|False|3
4|883.5151|179.1433|11|0|0|0|0|Yellow Ball|False|4
5|743.8196|289.4469|11|0|0|0|0|Yellow Ball|False|5
6|769.4565|276.5052|11|0|0|0|0|Black Ball|False|6
7|855.1517|285.0519|11|0|0|0|0|Yellow Ball|False|7
8|925.1843|317.0065|11|0|0|0|0|Red Ball|False|8
9|763.6391|298.9962|11|0|0|0|0|Red Ball|False|9
10|784.6465|292.4627|11|0|0|0|0|Red Ball|False|10
11|885.7457|340.0244|11|0|0|0|0|Red Ball|False|11
12|782.3793|315.8233|11|0|0|0|0|Red Ball|False|12
13|805.0934|301.5996|11|0|0|0|0|Yellow Ball|False|13
14|802.9951|323.5036|11|0|0|0|0|Yellow Ball|False|14
15|541.5429|209.7967|11|-0.05441064|0|2.000001E-05|2.000001E-05|Grey Ball|False|15
