0|972.1918|419.581|11|0|0|0|0|Yellow Ball|False|0
1|905.6946|479.279|11|0|0|0|0|Yellow Ball|False|1
2|805.7535|133.625|11|0|0|0|0|Yellow Ball|False|2
3|992.3828|226.2689|11|0|0|0|0|Red Ball|False|3
4|872.0773|245.9657|11|0|0|0|0|Red Ball|False|4
5|962.5559|258.4478|11|0|0|0|0|Yellow Ball|False|5
6|912.0061|436.2558|11|0|0|0|0|Black Ball|False|6
7|932.9396|164.265|11|0|0|0|0|Yellow Ball|False|7
9|927.0927|486.123|11|0|0|0|0|Red Ball|False|9
10|978.9177|298.6684|11|0|0|0|0|Red Ball|False|10
11|931.684|265.4993|11|0|0|0|0|Yellow Ball|False|11
12|993.7266|424.0816|11|0|0|0|0|Red Ball|False|12
13|989.5124|248.2047|11|0|0|0|0|Red Ball|False|13
14|879.883|473.9466|11|0|0|0|0|Red Ball|False|14
15|974.0311|277.2179|11|0|0|0|0|Grey Ball|False|15
