0|741.2029|324.0304|11|0|0|0|0|Red Ball|False|0
1|794.1142|268.4803|11|0|0|0|0|Red Ball|False|1
2|840.9449|292.8133|11|-0.3052507|0.5467464|0|0|Yellow Ball|False|2
3|958.7708|307.7495|11|0|0.7789627|0|0|Yellow Ball|False|3
4|895.452|242.9049|11|-0.2020339|0.2150127|0|0|Yellow Ball|False|4
5|751.8998|292.2325|11|0|0|0|0|Red Ball|False|5
6|773.8893|292.9084|11|0|0|0|0|Black Ball|False|6
7|930.6198|284.3373|11|-0.1582659|0.06666532|0|0|Red Ball|False|7
8|879.6139|258.5965|11|-0.2052531|0.2084626|0|0|Yellow Ball|False|8
9|762.6069|329.1165|11|0|0|0|0|Yellow Ball|False|9
10|795.7672|290.4181|11|0|0|0|0|Yellow Ball|False|10
11|934.7652|328.5679|11|0|0|0|0|Red Ball|False|11
12|784.7809|312.0231|11|0|0|0|0|Red Ball|False|12
13|813.3358|303.6597|11|0|0|0|0|Yellow Ball|False|13
14|803.6129|323.3968|11|0|0|0|0|Red Ball|False|14
15|823.7307|263.7981|11|-0.6343809|0.4217374|-1.000001E-06|1.000001E-06|Grey Ball|False|15
