0|835.5476|257.3751|11|0|0|0|0|Yellow Ball|False|0
1|696.1922|223.0474|11|-0.2354937|0.2568032|0|0|Yellow Ball|False|1
2|767.6806|237.648|11|0|0|0|0|Yellow Ball|False|2
3|787.4817|220.6969|11|0|0|0|0|Yellow Ball|False|3
4|808.0516|208.6107|11|0|0|0|0|Red Ball|False|4
5|833.0483|225.7021|11|-0.1189072|0.09092595|0|0|Yellow Ball|False|5
6|856.3447|280.7847|11|0|0|0|0|Black Ball|False|6
7|815.6044|240.381|11|-0.1142916|0.1148769|0|0|Red Ball|False|7
8|849.7822|240.6008|11|0|0|0|0|Red Ball|False|8
9|930.962|444.872|11|0|0|0|0|Yellow Ball|False|9
10|994.2536|251.4393|11|0|0|0|0|Yellow Ball|False|10
11|963.0972|63.80814|11|-0.08031338|0.1930865|0|0|Red Ball|False|11
12|937.019|378.6557|11|0|0|0|0|Red Ball|False|12
13|953.171|358.9939|11|0|0|0|0|Red Ball|False|13
14|916.288|419.9379|11|0|0|0|0|Red Ball|False|14
15|733.9744|234.6846|11|-0.1571595|0.3469386|-0.0004000001|0.0004000001|Grey Ball|False|15
