0|723|274|11|0|0|0|0|Yellow Ball|False|0
1|741.4445|247.9125|11|-0.00381294|-0.221893|0|0|Yellow Ball|False|1
2|763.3731|246.1031|11|-0.01057275|-0.1361387|0|0|Red Ball|False|2
3|783.4371|237.2068|11|0|0|0|0|Yellow Ball|False|3
4|802.8636|225.4046|11|0|0|0|0|Yellow Ball|False|4
5|756.2885|266.7923|11|0.07887191|-0.1107207|0|0|Yellow Ball|False|5
6|780.4997|263.9942|11|0.1743102|-0.09681911|0|0|Black Ball|False|6
7|800.7696|254.8391|11|0.1914203|-0.06114909|0|0|Yellow Ball|False|7
8|819.465|242.8768|11|0.1867176|-0.06567717|0|0|Red Ball|False|8
9|813.0427|283.3571|11|0.5322019|-0.1298423|0|0|Red Ball|False|9
10|828.3004|266.2128|11|0.477394|-0.195876|0|0|Yellow Ball|False|10
11|847.0803|250.2453|11|0.4645513|-0.2642611|0|0|Red Ball|False|11
12|838.7759|289.341|11|0.60416|-0.210286|0|0|Red Ball|False|12
13|853.2318|271.6095|11|0.5457591|-0.2686587|0|0|Red Ball|False|13
14|919.9764|296.2366|11|1.359577|-0.3049768|0|0|Red Ball|False|14
15|804.1891|412.0603|11|-4.486974|-2.805823|2.000001E-05|2.000001E-05|Grey Ball|False|15
