0|835.7973|364.9746|11|Yellow|False|0
1|857.126|227.4537|11|Yellow|False|1
2|851.2574|168.9262|11|Red|False|2
4|900.3475|103.4089|11|Red|False|4
5|825.1826|384.2445|11|Red|False|5
6|NaN|NaN|11|Black|False|6
7|1027.752|338.4193|11|Yellow|False|7
8|882.552|177.28|11|Red|False|8
9|863.2634|340.5933|11|Red|False|9
10|897.2999|392.829|11|Yellow|False|10
11|1039.828|297.095|11|Yellow|False|11
12|849.6924|383.7823|11|Yellow|False|12
13|915.8972|409.8651|11|Red|False|13
14|865.2198|368.1472|11|Red|False|14
5|NaN|NaN|11|Black|False|5
7|835.4|223.9926|11|Black|False|5
15|330.1729|71.75912|10|White|False|15
