0|803.3535|203.2521|11|Red|False|0
1|812.1486|225.0582|11|Red|False|1
2|833.0663|218.2428|11|Yellow|False|2
3|854.7449|214.4961|11|Red|False|3
4|879.9907|214.1045|11|Red|False|4
5|763.5466|203.7137|11|Red|False|5
6|NaN|NaN|11|Black|False|6
7|863.812|236.5751|11|Yellow|False|7
8|886.7886|235.6061|11|Red|False|8
9|805.2451|246.426|11|Red|False|9
10|854.6981|256.5985|11|Yellow|False|10
11|872.6615|271.0896|11|Yellow|False|11
12|853.0632|334.8937|11|Yellow|False|12
13|865.7031|292.1982|11|Yellow|False|13
14|874.9861|326.1825|11|Yellow|False|14
5|NaN|NaN|11|Black|False|5
7|841.6772|238.4901|11|Black|False|5
15|832.5529|458.5436|11|White|False|15
