0|761.0793|270.2043|11|Red|False|0
1|781.326|251.4385|11|Red|False|1
2|801.8139|238.8717|11|Red|False|2
3|819.9497|204.2035|11|Red|False|3
4|842.7919|197.7614|11|Yellow|False|4
5|854.6918|262.5416|11|Yellow|False|5
6|875.3314|253.8752|11|Black|False|6
7|856.4498|224.0259|11|Red|False|7
8|893.3605|206.7753|11|Red|False|8
9|996.2914|308.6581|11|Yellow|False|9
10|896.6644|230.8281|11|Yellow|False|10
11|939.2201|215.8951|11|Yellow|False|11
12|1042.8|314.8041|11|Yellow|False|12
13|976.0698|238.25|11|Yellow|False|13
14|1037.952|351.783|11|Red|False|14
15|274|274|11|White|False|15
