0|774.608|355.1194|11|Yellow|False|0
1|692.8887|278.9852|11|Red|False|1
2|830.4413|172.2793|11|Yellow|False|2
3|854.2108|190.9458|11|Yellow|False|3
4|872.494|204.4911|11|Yellow|False|4
5|807.8622|365.3223|11|Yellow|False|5
6|NaN|NaN|11|Black|False|6
7|744.342|88.3783|11|Red|False|7
8|952.4355|300.5195|11|Yellow|False|8
9|778.5956|377.2144|11|Red|False|9
10|839.157|489.985|11|Yellow|False|10
11|817.381|493.1163|11|Red|False|11
12|800.5281|395.178|11|Red|False|12
13|813.2706|110.9272|11|Red|False|13
14|713.9954|373.201|11|Red|False|14
5|NaN|NaN|11|Black|False|5
7|822.0748|401.9735|11|Black|False|5
15|912.9273|392.5841|10|White|False|15
